+91 61279 01526
+91 61279 93087
+91 89175 60218
+91 80794 11114
+91 98188 89515
+91 89173 81254
+91 788 796 0081
+91 61279 26517
+91 61279 07107
+91 61279 43966
+91 61279 31664
+91 788 777 3732
+91 80724 97265
+91 73176 48609
+91 61279 19062
+91 89110 08217
+91 79799 52723
+91 89178 83363
+91 61279 89613
+91 61279 06533
+91 79797 90857
+91 72894 10419
+91 74785 92744
+91 61279 40944
+91 62393 84885
+91 61214 35073
+91 74993 52271
+91 61279 87363
+91 63926 04179
+91 61279 80300
+91 61279 52464
+91 71211 75073
+91 88473 16348
+91 82183 68737
+91 89175 28863
+91 89172 47743
+91 72727 41217
+91 6355 660 777
+91 82411 62871
+91 61217 07133
+91 788 738 6795
+91 82082 88410
+91 80894 13116
+91 80790 87457
+91 61296 32321
+91 61279 68888
+91 87010 77549
+91 61279 15567
+91 61290 74598
+91 61279 02243
+91 61279 26098
+91 6295 265 614
+91 73178 09418
+91 61279 16974
+91 61279 85949
+91 72187 57953
+91 81676 10473
+91 61279 92988
+91 61279 94580
+91 78818 95770
+91 80795 48468
+91 80701 59903
+91 73609 63277
+91 74290 60581
+91 63119 27190
+91 64843 00820
+91 73938 19237
+91 63114 97689
+91 61279 63296
+91 87073 93275
+91 63185 69892
+91 61279 02631
+91 79313 82558
+91 67408 81140
+91 63105 24893
+91 71978 55111
+91 93682 08523
+91 67189 61428
+91 61279 31312
+91 89115 38065
+91 61279 42768
+91 61279 23281
+91 62116 30104
+91 71906 36980
+91 64105 70017
+91 80790 19054
+91 67411 29603
+91 73177 40764
+91 81694 08198
+91 88400 86299
+91 81674 95976
+91 61279 12283
+91 61279 48270
+91 80796 93265
+91 62108 81306
+91 74396 63638
+91 61279 04108
+91 79313 38751
+91 61279 48744
+91 61279 72176
+91 73170 40786
+91 61279 52375
+91 73175 07984
+91 82077 65475
+91 71990 58174
+91 61279 97410
+91 89174 38318
+91 82078 77528
+91 86173 14930
+91 66389 43200
+91 67112 43049
+91 79797 38509
+91 79798 85847
+91 788 762 4303
+91 89178 88052
+91 61279 16124
+91 61279 74165
+91 99789 44292
+91 74476 66265
+91 61279 03686
+91 788 747 9889
+91 68009 03292
+91 86674 18687
+91 61279 48419
+91 87095 22596
+91 93194 43760
+91 86378 01185
+91 63192 14143
+91 61279 04435
+91 60329 43790
+91 788 765 7883
+91 788 732 6259
+91 61209 08931
+91 61279 52283
+91 61279 51529
+91 788 797 1006
+91 80795 21521
+91 88477 17262
+91 61279 32484
+91 88473 25224
+91 61279 36699
+91 62195 01437
+91 73114 81221
+91 61279 87122
+91 79790 28446
+91 61279 68423
+91 61279 04536
+91 788 772 2204
+91 79313 48517
+91 64940 90423
+91 61279 94745
+91 74476 33973
+91 67418 32413
+91 61279 82178
+91 61279 93371
+91 89176 01447
+91 73172 44621
+91 65708 73798
+91 66788 21204
+91 61279 98637
+91 61279 58850
+91 61279 46541
+91 89111 91778
+91 61279 62025
+91 65701 47625
+91 79797 05783
+91 68098 18815
+91 87000 25303
+91 72477 36007
+91 61279 71821
+91 61279 48758
+91 65117 08207
+91 61292 22137
+91 61279 77137
+91 79799 15710
+91 61279 63582
+91 61279 92798
+91 61279 69186
+91 81675 65803
+91 67183 50621
+91 66199 02800
+91 61203 64132
+91 61279 89007
+91 79798 72362
+91 87072 87343
+91 74781 34806
+91 79797 26899
+91 79790 87866
+91 61279 89378
+91 68080 80856
+91 80669 70565
+91 61279 87007
+91 61279 04325
+91 61279 31629
+91 61279 89339
+91 79790 85853
+91 61279 95643
+91 64184 09156
+91 89174 06086
+91 788 786 6835
+91 79790 95364
+91 80795 70348
+91 79797 01145
+91 74477 85936
+91 61279 90393
+91 65708 42531
+91 61279 22523
+91 89123 35504
+91 61279 14940
+91 73180 54831
+91 61279 77635
+91 73380 46680
+91 61209 85724
+91 79799 39969
+91 61279 16423
+91 61279 24566
+91 67116 89180
+91 61279 81761
+91 80112 70849
+91 61279 91568
+91 74473 34837
+91 788 703 8585
+91 788 702 1082
+91 71920 79548
+91 89177 86195
+91 88473 90636
+91 62189 46425
+91 61371 42146
+91 61279 73426
+91 61279 87593
+91 61279 97773
+91 78810 80946
+91 65101 05225
+91 61279 46741
+91 89178 56529
+91 74775 89326
+91 61279 38927
+91 68083 02032
+91 61279 84309
+91 61203 48789
+91 65709 14771
+91 788 794 0811
+91 71961 01506
+91 80796 71392
+91 61279 90478
+91 79790 31163
+91 74086 04768
+91 788 781 7059
+91 61279 23326
+91 65189 96797
+91 61279 89199
+91 61279 33674
+91 79313 18154
+91 70653 47259
+91 89177 82739
+91 79799 27110
+91 61279 93682
+91 87098 51769
+91 67658 52164
+91 89177 18995
+91 61279 79518
+91 74776 10670
+91 61279 91736
+91 61279 44748
+91 74472 21659
+91 89176 65951
+91 79313 47902
+91 81762 53784
+91 67418 88860
+91 71287 08336
+91 74474 31354
+91 61279 20405
+91 98103 94680
+91 61279 97143
+91 73384 40657
+91 61296 29125
+91 61298 79513
+91 61279 14825
+91 61279 48362
+91 72267 41451
+91 61279 61053
+91 61279 44818
+91 88411 84071
+91 88472 13378
+91 89174 98190
+91 61279 08818
+91 61279 00759
+91 61279 23962
+91 61279 81640
+91 61279 06634
+91 69725 14299
+91 61279 14352
+91 89176 50758
+91 74113 12501
+91 76948 60716
+91 61279 24268
+91 67108 70987
+91 61279 50495
+91 61319 25314
+91 89187 16861
+91 73113 55642
+91 61279 25293
+91 79798 66613
+91 61279 20759
+91 74772 81802
+91 61279 52182
+91 73178 93795
+91 71932 69318
+91 61279 55968
+91 88472 27841
+91 70967 79430
+91 61279 59279
+91 61279 30191
+91 61209 77634
+91 61279 27071
+91 61279 62253
+91 71851 28126
+91 788 799 5854
+91 61279 44611
+91 61295 06358
+91 87094 11509
+91 61279 41481
+91 63026 88048
+91 61279 58448
+91 63975 29106
+91 88470 68878
+91 61279 02772
+91 89174 30444
+91 81674 41708
+91 61206 25297
+91 73170 30175
+91 89170 43283
+91 81670 35589
+91 61279 36111
+91 89177 61682
+91 61279 23189
+91 61290 18738
+91 788 728 8500
+91 61279 36909
+91 61279 63350
+91 79790 92533
+91 61279 50215
+91 61087 82512
+91 61279 64475
+91 65032 12192
+91 64104 65833
+91 61279 80018
+91 75241 78643
+91 81601 55743
+91 88470 85304
+91 61279 31436
+91 79790 95561
+91 61279 78937
+91 90848 28170
+91 89174 92891
+91 61292 92621
+91 89177 14127
+91 72879 42735
+91 61279 20080
+91 61279 38174
+91 82097 75409
+91 61279 96546
+91 88476 11738
+91 80797 12237
+91 61279 36550
+91 80662 36453
+91 67419 12486
+91 61279 91819
+91 67187 98405
+91 74475 08310
+91 82476 28493
+91 61207 94743
+91 71286 12288
+91 61297 40205
+91 61279 20966
+91 61279 89527
+91 61279 94306
+91 61279 08461
+91 62103 48339
+91 65941 12162
+91 82070 81388
+91 79313 16201
+91 61279 26626
+91 61279 75815
+91 61279 17748
+91 61279 50867
+91 61279 52227
+91 61279 20103
+91 61279 53682
+91 61279 10886
+91 80797 91535
+91 74397 66839
+91 87016 79676
+91 61279 48902
+91 788 775 0203
+91 67110 70736
+91 89176 53267
+91 73175 62284
+91 788 758 8006
+91 61279 70521
+91 89176 37359
+91 80796 11697
+91 62193 95651
+91 61279 09512
+91 89172 66076
+91 61219 15898
+91 66190 52167
+91 61279 07057
+91 72888 37139
+91 61208 42203
+91 80795 88854
+91 79797 89252
+91 67196 86766
+91 61279 85693
+91 80799 53825
+91 61279 85445
+91 61279 09071
+91 61279 82711
+91 72889 07337
+91 73105 16606
+91 788 757 1393
+91 71348 33841
+91 788 766 3531
+91 61279 25730
+91 89170 38205
+91 61279 66953
+91 61279 99070
+91 61279 32920
+91 61279 10901
+91 81672 04141
+91 788 761 3726
+91 73959 89970
+91 79790 19161
+91 61279 00187
+91 74712 21511
+91 79313 68433
+91 82482 66420
+91 61279 50488
+91 61279 42052
+91 89192 41459
+91 788 785 5234
+91 61279 05222
+91 79799 23768
+91 82403 08320
+91 82478 34759
+91 79790 74222
+91 79798 58918
+91 68014 12784
+91 61464 68820
+91 72557 71187
+91 88483 41505
+91 61279 83715
+91 81674 47284
+91 79797 00243
+91 61279 18288
+91 65796 47332
+91 61279 41149
+91 61279 85669
+91 79313 02601
+91 62100 79305
+91 61279 24762
+91 68009 90923
+91 61830 87025
+91 61279 37718
+91 61207 70744
+91 61279 04163
+91 61279 49759
+91 61279 38447
+91 88473 94726
+91 61279 95248
+91 62665 29750
+91 73496 78269
+91 61215 48582
+91 72868 22068
+91 61279 42363
+91 61279 86688
+91 61281 20910
+91 89108 07430
+91 74476 48323
+91 788 791 9033
+91 61279 54178
+91 79313 87558
+91 95440 53573
+91 61279 82213
+91 87073 09065
+91 61279 14817
+91 82077 06673
+91 61279 78836
+91 72471 13517
+91 788 748 2460
+91 81286 04847
+91 89176 62638
+91 80676 54231
+91 61279 82753
+91 89178 40799
+91 62865 41848
+91 82074 36827
+91 61279 98616
+91 80790 02472
+91 61279 05334
+91 75980 13313
+91 61279 68799
+91 62181 29829
+91 788 724 6368
+91 65198 88600
+91 65107 52869
+91 92976 00903
+91 80795 83084
+91 63192 15857
+91 71286 48107
+91 61279 81615
+91 70959 77506
+91 98446 16235
+91 67110 18538
+91 89174 81224
+91 74487 38394
+91 788 780 5098
+91 67191 31289
+91 61279 31314
+91 78899 41494
+91 65183 49046
+91 788 752 8684
+91 87075 77782
+91 67589 15168
+91 67218 30905
+91 61279 51072
+91 73913 49502
+91 61279 08478
+91 73178 62835
+91 87012 32712
+91 79799 09600
+91 61279 93956
+91 81670 94640
+91 89170 92663
+91 79313 01175
+91 61282 65421
+91 73174 06579
+91 61279 25032
+91 61279 32117
+91 61279 83436
+91 67409 74517
+91 61279 26878
+91 61279 55450
+91 74718 18222
+91 61279 63790
+91 64186 04610
+91 61279 86727
+91 61284 57886
+91 73107 11420
+91 61279 50939
+91 61279 35847
+91 61279 04074
+91 61213 72017
+91 80739 24069
+91 72827 54625
+91 63798 17443
+91 74476 85006
+91 61279 78969
+91 73176 78993
+91 79313 20690
+91 61279 74734
+91 61279 43985
+91 61279 58698
+91 80794 85254
+91 82177 08180
+91 61279 14848
+91 65792 86959
+91 61279 71246
+91 61279 69960
+91 61279 37799
+91 80708 11113
+91 63198 02375
+91 61279 37222
+91 61279 60659
+91 61279 92626
+91 74703 71018
+91 82073 20572
+91 74476 61107
+91 72878 30967
+91 61295 42152
+91 79790 87606
+91 89175 27978
+91 68004 53144
+91 65794 02522
+91 89177 64196
+91 89172 25688
+91 73175 84155
+91 60613 85428
+91 74472 72837
+91 88478 32002
+91 87096 56303
+91 61279 27859
+91 61279 76293
+91 63107 93753
+91 788 703 2576
+91 61279 84081
+91 79313 63099
+91 61279 63794
+91 72335 72890
+91 80797 33753
+91 61279 81692
+91 61279 83760
+91 61279 65404
+91 61203 26553
+91 788 757 6821
+91 79313 79584
+91 61296 58115
+91 73174 31960
+91 61279 82720
+91 63991 30400
+91 88470 69325
+91 68094 82458
+91 61279 93808
+91 87095 03315
+91 61279 68498
+91 61279 20865
+91 61279 57930
+91 74717 89123
+91 60186 01905
+91 89172 19234
+91 61279 81072
+91 61279 09335
+91 80722 03088
+91 72897 13357
+91 61279 81964
+91 81764 05642
+91 73177 19815
+91 62191 29699
+91 61279 52017
+91 65718 13886
+91 80795 07866
+91 61279 32485
+91 61279 94194
+91 61279 86863
+91 61298 20133
+91 61207 44294
+91 88477 52393
+91 788 744 6875
+91 61279 28048
+91 61279 63289
+91 61279 76378
+91 61279 28338
+91 80798 89678
+91 61279 24378
+91 61279 57446
+91 73394 83514
+91 65786 73342
+91 86175 02982
+91 62306 77672
+91 88477 98641
+91 65714 01454
+91 61279 26601
+91 81670 56834
+91 61279 83769
+91 61279 33356
+91 61279 63358
+91 87014 23500
+91 87877 85453
+91 61279 76782
+91 87018 09135
+91 61210 88161
+91 74820 69633
+91 61279 42400
+91 61279 95425
+91 80798 10636
+91 61279 87782
+91 63193 94055
+91 70907 85639
+91 61279 65574
+91 61200 43552
+91 61279 84612
+91 82470 14668
+91 788 705 6478
+91 63185 26051
+91 67498 93399
+91 89172 61256
+91 88473 82197
+91 79313 83631
+91 80799 18550
+91 74486 56759
+91 66184 41678
+91 73291 93000
+91 89176 34614
+91 61279 67231
+91 61279 44745
+91 80790 71963
+91 68080 28542
+91 61279 69328
+91 79313 95201
+91 89170 61880
+91 68002 53379
+91 61279 07207
+91 61279 10821
+91 788 728 5818
+91 65710 32537
+91 73174 39858
+91 72040 88527
+91 61279 33989
+91 65181 86812
+91 92460 96122
+91 61279 57365
+91 65790 37668
+91 61203 66674
+91 61279 46402
+91 79790 05439
+91 61279 42640
+91 61279 37531
+91 61279 48293
+91 82186 70657
+91 89178 70118
+91 61279 78257
+91 61279 96501
+91 88418 93113
+91 79790 70112
+91 788 073 1633
+91 61279 21803
+91 68001 76121
+91 74773 16387
+91 61282 14426
+91 80675 57838
+91 81676 44514
+91 67399 46811
+91 61279 93918
+91 73542 95188
+91 61279 53965
+91 89170 73707
+91 61279 17242
+91 87018 52111
+91 61484 38054
+91 82077 01022
+91 788 734 2218
+91 62190 18698
+91 83115 26982
+91 788 751 1147
+91 64444 20872
+91 61279 33943
+91 74120 96129
+91 61279 94617
+91 81676 81778
+91 88477 57496
+91 63191 51150
+91 61279 41559
+91 88417 99376
+91 89174 80449
+91 61279 26901
+91 73914 43854
+91 61279 52672
+91 74483 61862
+91 79313 01522
+91 61279 41150
+91 87091 49524
+91 61279 70529
+91 89173 00136
+91 73283 07756
+91 61209 64946
+91 66107 61202
+91 67110 90538
+91 61203 05115
+91 61279 23411
+91 61279 49088
+91 73392 43312
+91 788 734 7791
+91 68001 79509
+91 79798 14185
+91 61279 05750
+91 83294 56871
+91 86675 77395
+91 788 744 3950
+91 61279 29304
+91 82478 27232
+91 61279 81437
+91 60528 80530
+91 82178 22308
+91 72803 72044
+91 61208 40232
+91 61279 21301
+91 63908 12050
+91 73928 01723
+91 63612 40013
+91 72655 39809
+91 89174 35498
+91 61279 79118
+91 89129 83800
+91 67410 34749
+91 82478 29838
+91 60626 85105
+91 61207 49880
+91 788 752 7060
+91 79313 81435
+91 788 736 7793
+91 788 789 8752
+91 61279 83147
+91 79313 19766
+91 80756 86686
+91 80798 94015
+91 89173 36327
+91 61279 99243
+91 61499 48400
+91 80795 44642
+91 61669 55916
+91 73178 84145
+91 88417 23388
+91 80795 80509
+91 61279 88636
+91 61279 70962
+91 89103 82350
+91 61279 82241
+91 79313 59020
+91 61279 74251
+91 80123 01530
+91 74776 60516
+91 61210 46856
+91 61279 73868
+91 81676 33916
+91 82175 28088
+91 79790 10782
+91 94801 67489
+91 61279 50896
+91 80788 84677
+91 61279 58470
+91 88402 92988
+91 88382 83451
+91 61279 55879
+91 80798 90244
+91 72859 03243
+91 61202 49764
+91 61279 18247
+91 61279 85969
+91 73999 38754
+91 62861 28228
+91 63112 17623
+91 80799 13612
+91 87000 74647
+91 61435 20985
+91 81678 35426
+91 61279 15553
+91 61279 92003
+91 80796 21839
+91 61279 15590
+91 80797 57978
+91 81683 23378
+91 82415 58300
+91 71942 92927
+91 80704 81289
+91 61279 92097
+91 61279 98420
+91 61279 34862
+91 88409 49850
+91 67481 95653
+91 61279 23515
+91 67491 47241
+91 61279 39340
+91 61279 88973
+91 61279 29431
+91 68088 39835
+91 67489 39654
+91 63910 58153
+91 61298 05184
+91 60205 88753
+91 66306 00187
+91 61279 61134
+91 788 799 4369
+91 61279 81226
+91 61279 24088
+91 80795 32268
+91 61279 96143
+91 61219 91663
+91 75284 14848
+91 83173 27101
+91 61279 92009
+91 80763 86675
+91 61279 94856
+91 61282 60995
+91 79790 40761
+91 61279 36241
+91 61279 56141
+91 81285 54945
+91 61279 38353
+91 88470 47067
+91 61279 40314
+91 62839 88778
+91 61279 29264
+91 61279 83068
+91 65198 22598
+91 61279 22803
+91 62117 28744
+91 61279 43900
+91 61279 54876
+91 61279 62900
+91 61279 93233
+91 61279 85080
+91 72413 01590
+91 61279 19532
+91 61453 87430
+91 61279 90545
+91 63963 95670
+91 73964 80835
+91 79798 02219
+91 79798 21885
+91 61279 27172
+91 81689 29759
+91 68013 48777
+91 788 756 3490
+91 788 787 5864
+91 61279 29005
+91 82074 71590
+91 88470 97194
+91 72301 14378
+91 61279 75610
+91 89177 33075
+91 788 791 5691
+91 89176 37692
+91 89127 35841
+91 61279 29172
+91 61404 52358
+91 74481 01419
+91 72961 65199
+91 71913 08790
+91 87017 18179
+91 61279 61603
+91 61279 40343
+91 61947 41116
+91 89170 09569
+91 61279 48941
+91 93822 86862
+91 61283 83531
+91 88475 81864
+91 83178 80820
+91 90196 78714
+91 96029 16508
+91 61279 71069
+91 65796 51815
+91 80795 41204
+91 65782 75384
+91 64187 60320
+91 79797 08234
+91 88476 98920
+91 61279 92785
+91 61279 08258
+91 61279 83894
+91 72834 00311
+91 61736 61496
+91 65792 37864
+91 89175 14683
+91 68013 24935
+91 61279 96898
+91 67499 92472
+91 61279 90309
+91 61279 51803
+91 79799 45201
+91 61211 97600
+91 68012 73685
+91 67197 05099
+91 72101 82544
+91 80790 26888
+91 62199 19460
+91 61279 35979
+91 80795 40701
+91 80798 38626
+91 79798 09834
+91 61279 92445
+91 80799 21154
+91 61279 01777
+91 80794 64692
+91 61279 36815
+91 87086 50476
+91 74478 92384
+91 66396 83174
+91 73170 11048
+91 61279 75954
+91 61279 34848
+91 88470 90512
+91 73170 78988
+91 61279 88278
+91 61206 21341
+91 788 771 2432
+91 87873 13497
+91 61279 58541
+91 72477 86006
+91 61279 14007
+91 87076 70192
+91 65790 57385
+91 61279 29353
+91 60143 12795
+91 61279 11920
+91 80796 20572
+91 70778 67622
+91 61290 84487
+91 66110 27384
+91 73173 38243
+91 61217 38930
+91 88474 53192
+91 61279 85470
+91 80702 22514
+91 87016 54963
+91 71293 22949
+91 70918 53605
+91 61279 49087
+91 80796 06637
+91 61279 49097